0,000(0,000
0,100(0,219
0,200(0,470
0,300(0,743
0,400(1,024
0,500(1,298
0,600(1,550
0,700(1,761
0,800(1,914
0,900(1,995
1,000(1,990
1,100(1,887
1,200(1,680
1,300(1,366
1,400(0,945
1,500(0,424
1,600(-0,187
1,700(-0,872
1,800(-1,614
1,900(-2,391
2,000(-3,178
2,100(-3,951
2,200(-4,683
2,300(-5,350
2,400(-5,930
2,500(-6,403
2,600(-6,753
2,700(-6,968
2,800(-7,044
2,900(-6,979
3,000(-6,778
3,100(-6,452
3,200(-6,016
3,300(-5,489
3,400(-4,894
3,500(-4,256
3,600(-3,599
3,700(-2,951
3,800(-2,333
3,900(-1,768
4,000(-1,272
4,100(-0,857
4,200(-0,529
4,300(-0,289
4,400(-0,131
4,500(-0,043
4,600(-0,007
4,700(0,000
4,800(0,003
4,900(0,032
5,000(0,117
5,100(0,286
5,200(0,568
5,300(0,986
5,400(1,558
5,500(2,295
5,600(3,203
5,700(4,276
5,800(5,500
5,900(6,852
6,000(8,303
6,100(9,811
6,200(11,330
6,300(12,810
6,400(14,194
6,500(15,427
6,600(16,451
6,700(17,213
6,800(17,666
6,900(17,769
7,000(17,489
7,100(16,807
7,200(15,713
7,300(14,213
7,400(12,324
7,500(10,077
7,600(7,516
7,700(4,696
7,800(1,682
7,900(-1,453
8,000(-4,631
8,100(-7,772
8,200(-10,795
8,300(-13,621
8,400(-16,180
8,500(-18,406
8,600(-20,247
8,700(-21,663
8,800(-22,625
8,900(-23,123
9,000(-23,159
9,100(-22,753
9,200(-21,935
9,300(-20,752
9,400(-19,260
9,500(-17,522
9,600(-15,610
9,700(-13,596
9,800(-11,553
9,900(-9,551
10,000(-7,652
